930 0 1 1 1 1
931 1 3 0
951 0 5 1 1 0
1007 1 5 0
1027 1 8 1 0 61 0
1134 1 3 0
1154 0 6 0 1 0
1210 1 5 0
1530 1 2 80 0
1905 0 1 3 2 0
1926 1 7 1 2 51 0
1926 1 7 1 2 51 1
1991 1 7 2 3 51 0
1991 1 7 2 3 51 1
2056 1 3 0
2056 1 3 1
2076 0 5 3 2 0
2132 1 5 0
2132 1 5 1
2152 1 7 3 4 51 0
2231 1 3 0
2251 0 6 4 2 0
2307 1 5 0
2452 1 2 160 1
2627 1 2 221 0
2891 0 1 4 3 1
2912 1 7 1 2 51 0
2912 1 7 1 2 51 1
2977 1 7 2 3 51 0
2977 1 7 2 3 51 1
3028 1 7 3 4 51 0
3028 1 7 3 4 51 1
3093 1 3 0
3093 1 3 1
3113 0 5 4 3 0
3169 1 5 0
3169 1 5 1
3189 1 8 4 3 61 0
3273 1 8 3 2 61 0
3334 1 8 2 1 61 0
3395 1 8 1 0 61 0
3479 1 3 0
3489 1 2 221 1
3499 0 6 0 3 0
3555 1 5 0
3562 0 1 1 4 0
3575 1 7 0 1 51 0
3654 1 3 0
3674 0 5 1 4 0
3730 1 5 0
3750 1 7 1 2 51 0
3829 1 3 0
3849 0 6 2 4 0
3905 1 5 0
4225 1 2 99 0
4390 0 1 1 5 0
4391 1 3 0
4411 0 5 1 5 0
4467 1 5 0
4487 1 7 1 2 51 0
4552 1 7 2 3 51 0
4617 1 3 0
4637 0 6 3 5 0
4693 1 5 0
5013 1 2 160 0
5153 0 1 0 6 0
5174 1 8 1 0 61 1
5193 1 8 1 0 61 0
5281 1 3 1
5300 1 3 0
5301 0 5 0 6 1
5357 1 5 1
5376 1 5 0
5377 1 7 0 1 51 1
5442 1 7 1 2 51 1
5493 1 7 2 3 51 1
5558 1 3 1
5578 0 6 3 6 1
5634 1 5 1
5696 1 2 80 0
5954 1 2 160 1
6096 0 1 4 7 1
6117 1 7 1 2 51 0
6134 1 7 1 2 51 1
6182 1 7 2 3 51 0
6199 1 7 2 3 51 1
6233 1 7 3 4 51 0
6250 1 7 3 4 51 1
6298 1 3 0
6315 1 3 1
6318 0 5 4 7 0
6374 1 5 0
6391 1 5 1
6394 1 8 4 3 61 0
6478 1 8 3 2 61 0
6539 1 8 2 1 61 0
6600 1 8 1 0 61 0
6684 1 3 0
6704 0 6 0 7 0
6711 1 2 221 1
6721 0 1 2 8 1
6760 1 5 0
6780 1 7 0 1 51 0
6845 1 7 1 2 51 0
6910 1 3 0
6930 0 5 2 8 0
6986 1 5 0
7006 1 8 2 1 61 0
7090 1 8 1 0 61 0
7174 1 3 0
7194 0 6 0 8 0
7250 1 5 0
7418 0 1 1 9 0
7419 1 3 1
7439 0 5 1 9 1
7495 1 5 1
7515 1 7 1 2 51 1
7580 1 7 2 3 51 1
7645 1 3 1
7665 0 6 3 9 1
7721 1 5 1
7739 1 2 80 0
8041 1 2 160 1
8123 0 1 2 10 1
8144 1 7 1 2 51 0
8221 1 7 1 2 51 1
8223 1 3 0
8243 0 5 2 10 0
8299 1 5 0
8300 1 3 1
8319 1 8 2 1 61 0
8376 1 5 1
8426 1 3 0
8446 0 6 1 10 0
8502 1 5 0
8696 1 2 99 1
8722 0 1 1 11 0
8723 1 3 0
8743 0 5 1 11 0
8799 1 5 0
8819 1 7 1 2 51 0
8884 1 7 2 3 51 0
8935 1 7 3 4 51 0
9000 1 3 0
9020 0 6 4 11 0
9076 1 5 0
9255 0 1 1 12 0
9256 1 3 1
9276 0 5 1 12 1
9332 1 5 1
9352 1 7 1 2 51 1
9417 1 7 2 3 51 1
9482 1 3 1
9502 0 6 3 12 1
9558 1 5 1
9576 1 2 221 0
9849 0 1 0 13 0
9870 1 8 1 0 61 0
9870 1 8 3 2 61 1
9954 1 8 2 1 61 1
9977 1 3 0
9997 0 5 0 13 0
